              precision    recall  f1-score   support

           0       0.73      0.72      0.73       130
           1       0.75      0.84      0.79        91
           2       0.83      0.86      0.84       144
           3       0.91      0.63      0.75       319
           4       0.65      0.91      0.76       149
           5       0.78      0.81      0.79       103
           6       0.67      0.86      0.75        64

    accuracy                           0.77      1000
   macro avg       0.76      0.80      0.77      1000
weighted avg       0.79      0.77      0.77      1000
