              precision    recall  f1-score   support

           0       0.66      0.56      0.61       130
           1       0.70      0.76      0.73        91
           2       0.83      0.82      0.82       144
           3       0.87      0.56      0.69       319
           4       0.63      0.77      0.69       149
           5       0.52      0.83      0.63       103
           6       0.53      0.80      0.64        64

    accuracy                           0.69      1000
   macro avg       0.68      0.73      0.69      1000
weighted avg       0.73      0.69      0.69      1000
