              precision    recall  f1-score   support

           0       0.24      0.49      0.32        77
           1       0.66      0.49      0.56       182
           2       0.69      0.66      0.68       181
           3       0.88      0.67      0.76       231
           4       0.74      0.83      0.78       169
           5       0.68      0.71      0.70       160

    accuracy                           0.66      1000
   macro avg       0.65      0.64      0.63      1000
weighted avg       0.70      0.66      0.67      1000
