              precision    recall  f1-score   support

           0       0.33      0.35      0.34        77
           1       0.66      0.46      0.54       182
           2       0.75      0.60      0.66       181
           3       0.82      0.72      0.77       231
           4       0.81      0.80      0.81       169
           5       0.49      0.86      0.62       160

    accuracy                           0.66      1000
   macro avg       0.64      0.63      0.62      1000
weighted avg       0.69      0.66      0.66      1000
