              precision    recall  f1-score   support

           0       0.66      0.79      0.72       130
           1       0.77      0.87      0.81        91
           2       0.88      0.86      0.87       144
           3       0.91      0.79      0.84       319
           4       0.81      0.85      0.83       149
           5       0.84      0.76      0.80       103
           6       0.68      0.81      0.74        64

    accuracy                           0.81      1000
   macro avg       0.79      0.82      0.80      1000
weighted avg       0.82      0.81      0.82      1000
