              precision    recall  f1-score   support

           0       0.34      0.44      0.39        77
           1       0.63      0.64      0.63       182
           2       0.72      0.69      0.70       181
           3       0.85      0.73      0.79       231
           4       0.85      0.81      0.83       169
           5       0.70      0.81      0.75       160

    accuracy                           0.71      1000
   macro avg       0.68      0.69      0.68      1000
weighted avg       0.72      0.71      0.71      1000
