              precision    recall  f1-score   support

           0       0.63      0.75      0.69       130
           1       0.72      0.88      0.79        91
           2       0.88      0.88      0.88       144
           3       0.89      0.72      0.80       319
           4       0.75      0.83      0.79       149
           5       0.77      0.74      0.75       103
           6       0.72      0.77      0.74        64

    accuracy                           0.78      1000
   macro avg       0.77      0.79      0.78      1000
weighted avg       0.80      0.78      0.78      1000
