              precision    recall  f1-score   support

           0       0.27      0.38      0.32        77
           1       0.57      0.53      0.55       182
           2       0.64      0.64      0.64       181
           3       0.83      0.71      0.77       231
           4       0.80      0.79      0.80       169
           5       0.65      0.72      0.68       160

    accuracy                           0.66      1000
   macro avg       0.63      0.63      0.63      1000
weighted avg       0.67      0.66      0.66      1000
