              precision    recall  f1-score   support

           0       0.35      0.40      0.38        77
           1       0.64      0.64      0.64       182
           2       0.70      0.72      0.71       181
           3       0.87      0.70      0.77       231
           4       0.83      0.81      0.82       169
           5       0.68      0.82      0.74       160

    accuracy                           0.71      1000
   macro avg       0.68      0.68      0.68      1000
weighted avg       0.72      0.71      0.71      1000
