              precision    recall  f1-score   support

           0       0.66      0.81      0.73       130
           1       0.73      0.87      0.79        91
           2       0.87      0.86      0.87       144
           3       0.91      0.77      0.83       319
           4       0.78      0.85      0.81       149
           5       0.82      0.76      0.79       103
           6       0.73      0.75      0.74        64

    accuracy                           0.81      1000
   macro avg       0.79      0.81      0.79      1000
weighted avg       0.82      0.81      0.81      1000
